[0;34;40m                                        [0m
[0;34;40m                  .[0;32;40mt[0;1;30;90;40m8XS[0;31;40m;[0;34;40m.[0;32;40m.[0;34;40m              [0m
[0;34;40m                :[0;30;5;40;100m8[0;33;5;40;100m:[0;35;5;40;100m;:[0;36;5;40;100m:[0;33;5;40;100m:[0;36;5;40;100m;[0;35;5;40;100m;[0;1;30;90;40m8[0;32;40m:[0;34;40m.[0;31;40m     [0;34;40m       [0m
[0;34;40m               [0;32;40mt[0;35;5;40;100m.[0;33;5;40;100m:[0;35;5;40;100mt[0;36;5;40;100mS[0;33;5;40;100mX[0;34;5;40;100mS[0;33;5;40;100m%[0;35;5;40;100mS[0;32;5;40;100mX[0;35;5;40;100m;[0;33;5;40;100m;[0;34;40m.[0;31;40m     [0;34;40m       [0m
[0;34;40m              [0;1;30;90;40m@[0;35;5;40;100m::[0;36;5;40;100m%[0;31;5;40;100mS[0;30;5;40;100mS[0;35;5;40;100mt[0;32;5;40;100mS[0;35;5;40;100mX[0;32;5;40;100mX[0;35;5;40;100mS[0;32;5;40;100mS[0;35;5;40;100mS[0;32;5;40;100mS[0;34;40m:[0;31;40m.[0;34;40m          [0m
[0;34;40m             [0;1;30;90;40mX[0;35;5;40;100m:[0;33;5;40;100mt[0;34;5;40;100mS[0;33;5;40;100m@[0;36;5;40;100mX[0;31;5;40;100m%[0;36;5;40;100mS[0;31;5;40;100mS[0;36;5;40;100mX[0;31;5;40;100mX[0;36;5;40;100mX[0;31;5;40;100mS[0;36;5;40;100mX[0;35;5;40;100mX[0;32;5;40;100mS[0;31;40m.[0;34;40m          [0m
[0;34;40m             [0;30;5;40;100mS[0;36;5;40;100m;[0;33;5;40;100m%[0;34;5;40;100mS[0;31;5;40;100mS[0;34;5;40;100mS[0;32;5;40;100mS[0;31;5;40;100mX[0;30;5;40;100mX[0;34;5;40;100mS[0;32;5;40;100mS[0;31;5;40;100mS[0;36;5;40;100mS[0;31;5;40;100mX[0;32;5;40;100mS[0;35;5;40;100mS[0;1;30;90;40mX[0;34;40m          [0m
[0;34;40m            [0;1;30;90;40mS[0;33;5;40;100m:[0;35;5;40;100mS[0;36;5;40;100mt[0;37;5;40;100m8[0;1;30;90;47m@:[0;1;37;97;47m.SXt[0;1;30;90;47m.S[0;37;5;40;100m8[0;36;5;40;100m [0;35;5;40;100mt[0;36;5;40;100m%[0;31;5;40;100mX[0;32;40m.[0;34;40m         [0m
[0;34;40m           [0;32;40m [0;30;5;40;100mX@[0;33;5;40;100m [0;37;5;47;107m 8[0;1;37;97;47m:.X[0;37;5;47;107m:.X[0;1;30;90;47m:t:[0;37;5;47;107mX[0;1;37;97;47mS[0;30;5;40;100mX[0;36;5;40;100mt[0;31;40m;[0;34;40m.[0;32;40m.[0;34;40m       [0m
[0;34;40m            [0;1;30;90;40m8@[0;33;5;40;100m [0;37;5;47;107m [0;33;5;40;100m [0;32;40m.[0;31;40m [0;1;30;90;40m%[0;37;5;47;107m8 [0;1;37;97;47m:[0;1;30;90;40mX[0;34;40mt[0;1;30;90;40m@[0;1;37;97;47m;[0;37;5;47;107mX[0;1;30;90;40mX[0;30;5;40;100mX8[0;32;40m.[0;34;40m        [0m
[0;34;40m            .[0;1;30;90;40mX[0;30;5;40;100m8[0;1;37;97;47m8[0;37;5;47;107m :t.     . [0;1;30;90;47mS[0;1;30;90;40mS8[0;32;40m.[0;34;40m.[0;31;40m [0;34;40m       [0m
[0;34;40m           [0;32;40m  .[0;31;40m;[0;36;5;40;100m;[0;37;5;47;107m@. .:.:.  [0;1;37;97;47m;[0;1;30;90;40m8X[0;32;40m.[0;31;40m.[0;34;40m [0;31;40m [0;34;40m       [0m
[0;34;40m          [0;32;40m  [0;31;40m [0;34;40m.[0;32;40m.[0;31;40m:[0;36;5;40;100m [0;37;5;47;107m. 8[0;1;30;90;47m.[0;1;37;97;47m..[0;37;5;47;107m@ 8[0;1;30;90;40m8@[0;31;40m  [0;34;40m          [0m
[0;34;40m          [0;32;40m.[0;31;40m:[0;32;40m;[0;34;40mt[0;1;30;90;40mXS@[0;33;5;40;100m.[0;1;37;97;47m@[0;37;5;47;107m. .  [0;1;37;97;47m:[0;30;5;40;100m@[0;1;30;90;40m8S[0;31;40m;[0;32;40m;[0;34;40m;[0;31;40m:[0;32;40m.[0;34;40m       [0m
[0;34;40m       .[0;1;30;90;40mX8[0;30;5;40;100m8[0;1;30;90;40m8[0;30;5;40;100m88[0;1;30;90;40m88888[0;36;5;40;100m [0;1;37;97;47m.8[0;1;30;90;47m%[0;30;5;40;100mS[0;1;30;90;40m@88[0;30;5;40;100m888[0;1;30;90;40m8[0;30;5;40;100m8[0;1;30;90;40m8@[0;34;40m;[0;31;40m.[0;32;40m    [0m
[0;34;40m      [0;32;40m.[0;30;5;40;100m8[0;1;30;90;40m88888888[0;30;5;40;100m8[0;1;30;90;40m88[0;30;5;40;100m8[0;1;30;90;40mXS8[0;30;5;40;100m8[0;1;30;90;40m8888888888[0;30;5;40;100m8[0;32;40m;[0;31;40m.[0;34;40m.[0;32;40m  [0m
[0;34;40m     [0;31;40m.[0;1;30;90;40mX88[0;30;5;40;100m@@@@@@@8@@8@@88@@@@@@@@8[0;1;30;90;40m888[0;34;40m.[0;31;40m.[0;32;40m  [0m
[0;34;40m     [0;1;30;90;40mS[0;30;5;40;100m8[0;1;30;90;40m88[0;35;5;40;100m:[0;36;5;40;100m:[0;33;5;40;100m;[0;35;5;40;100m;[0;36;5;40;100m;[0;33;5;40;100mt[0;35;5;40;100mt[0;36;5;40;100mt[0;33;5;40;100mt[0;35;5;40;100mt[0;36;5;40;100mt[0;33;5;40;100mt[0;35;5;40;100mt[0;36;5;40;100mt[0;33;5;40;100mt[0;35;5;40;100mt[0;36;5;40;100m;[0;33;5;40;100m;[0;35;5;40;100m;[0;36;5;40;100mt[0;33;5;40;100mt[0;35;5;40;100mt[0;36;5;40;100m;[0;30;5;40;100m8[0;1;30;90;40m88[0;30;5;40;100m8[0;1;30;90;40m@[0;32;40m.[0;31;40m  [0m
[0;34;40m    :[0;1;30;90;40m8888[0;33;5;40;100m%[0;34;5;40;100mS[0;33;5;40;100m%[0;34;5;40;100mS[0;33;5;40;100mS[0;34;5;40;100mX[0;33;5;40;100mX[0;34;5;40;100mS[0;33;5;40;100m%[0;34;5;40;100mS[0;33;5;40;100mX[0;34;5;40;100mX[0;33;5;40;100mX[0;34;5;40;100mS[0;33;5;40;100m%[0;34;5;40;100mS[0;33;5;40;100mX[0;34;5;40;100mX[0;33;5;40;100mX[0;34;5;40;100mS[0;33;5;40;100m%[0;34;5;40;100mS[0;33;5;40;100mS[0;30;5;40;100m8[0;1;30;90;40m888[0;30;5;40;100m8[0;31;40m;[0;34;40m.[0;32;40m.[0m
[0;34;40m   [0;32;40m.[0;1;30;90;40m@[0;30;5;40;100m8[0;1;30;90;40m888[0;30;5;40;100mS[0;33;5;40;100m;[0;34;5;40;100mS[0;33;5;40;100mX[0;34;5;40;100mX[0;33;5;40;100mX[0;34;5;40;100mX[0;33;5;40;100mX[0;34;5;40;100mX[0;33;5;40;100m@[0;34;5;40;100m@[0;33;5;40;100mX[0;34;5;40;100m@[0;33;5;40;100m@[0;34;5;40;100mX[0;33;5;40;100mX[0;34;5;40;100mX[0;33;5;40;100mX[0;34;5;40;100mX[0;33;5;40;100mX[0;34;5;40;100mX[0;33;5;40;100mX[0;34;5;40;100mS[0;30;5;40;100m8[0;1;30;90;40m88888[0;32;40m.[0;34;40m.[0m
[0;34;40m  [0;31;40m .[0;1;30;90;40m@88[0;30;5;40;100m8[0;1;30;90;40m@[0;34;5;40;100mS[0;33;5;40;100mS[0;34;5;40;100mS[0;33;5;40;100mS[0;34;5;40;100mS[0;33;5;40;100mS[0;34;5;40;100mS[0;33;5;40;100m  [0;36;5;40;100m [0;33;5;40;100m:[0;36;5;40;100m [0;33;5;40;100m [0;35;5;40;100m [0;33;5;40;100m [0;36;5;40;100m [0;33;5;40;100m [0;36;5;40;100mt[0;31;5;40;100mS[0;36;5;40;100mX[0;31;5;40;100mX[0;36;5;40;100mX[0;31;5;40;100mS[0;1;30;90;40m888[0;30;5;40;100m8[0;1;30;90;40m88[0;34;40m:[0;31;40m.[0m
[0;34;40m [0;31;40m [0;34;40m  [0;32;40m.[0;30;5;40;100m8[0;1;30;90;40m888[0;30;5;40;100m@[0;33;5;40;100m;[0;34;5;40;100m%[0;33;5;40;100mS[0;34;5;40;100mX[0;33;5;40;100mX[0;36;5;40;100m;[0;37;5;40;100mS[0;1;30;90;47m8[0;37;5;40;100mXX[0;1;30;90;47mS[0;35;5;40;100m.[0;37;5;40;100m8[0;1;30;90;47m8[0;37;5;40;100m8[0;33;5;40;100m.[0;35;5;40;100m%[0;32;5;40;100mX[0;35;5;40;100mX[0;32;5;40;100mX[0;35;5;40;100mX[0;32;5;40;100mS[0;1;30;90;40m8888[0;30;5;40;100m8[0;32;40m;[0;31;40m:[0;32;40m.[0m
[0;34;40m     [0;31;40m.[0;1;30;90;40m@88[0;30;5;40;100m@[0;36;5;40;100m:[0;31;5;40;100mS[0;36;5;40;100mX[0;31;5;40;100mX[0;34;5;40;100mS[0;33;5;40;100mS[0;35;5;40;100m%[0;32;5;40;100mS[0;35;5;40;100m%[0;36;5;40;100m;[0;33;5;40;100m;[0;36;5;40;100mt[0;35;5;40;100mt[0;33;5;40;100m%[0;34;5;40;100mS[0;33;5;40;100mS[0;34;5;40;100mS[0;33;5;40;100mS[0;34;5;40;100mX[0;33;5;40;100mS[0;34;5;40;100mS[0;33;5;40;100mS[0;1;30;90;40mX[0;30;5;40;100m8[0;1;30;90;40m88[0;34;40m;[0;31;40m:[0;34;40m.[0;32;40m [0m
[0;34;40m     .[0;32;40m :[0;1;30;90;40mX[0;30;5;40;100m@[0;36;5;40;100m:[0;33;5;40;100m%[0;34;5;40;100mX[0;33;5;40;100mS[0;36;5;40;100mS[0;30;5;40;100mS[0;35;5;40;100mt[0;32;5;40;100m%[0;35;5;40;100m%[0;32;5;40;100mS[0;35;5;40;100mX[0;32;5;40;100mS[0;35;5;40;100mS[0;32;5;40;100mX[0;35;5;40;100mS[0;32;5;40;100mX[0;35;5;40;100mS[0;32;5;40;100mX[0;35;5;40;100mS[0;32;5;40;100mX[0;35;5;40;100mS[0;30;5;40;100mX[0;1;30;90;40m8X[0;34;40m;[0;31;40m.[0;32;40m..[0;34;40m  [0m
[0;34;40m    [0;32;40m  [0;31;40m.[0;34;40m.[0;31;40m [0;1;30;90;40m@[0;35;5;40;100m%[0;30;5;40;100m@[0;33;5;40;100mS[0;34;5;40;100m8[0;31;5;40;100mS[0;32;5;40;100mS[0;34;5;40;100mS[0;31;5;40;100mS[0;32;5;40;100mX[0;35;5;40;100m8[0;32;5;40;100m8[0;35;5;40;100m8[0;32;5;40;100m8[0;35;5;40;100m8[0;32;5;40;100m8[0;35;5;40;100m8[0;32;5;40;100m8[0;35;5;40;100m8[0;32;5;40;100m8[0;35;5;40;100m8[0;32;5;40;100m8[0;30;5;40;100mS[0;34;40m;[0;31;40m.[0;32;40m:[0;31;40m.   [0;34;40m [0m
[0;34;40m    [0;32;40m   [0;31;40m  [0;32;40m S[0;30;5;40;100m8[0;1;30;90;40mS[0;32;40m%[0;1;30;90;40m@[0;31;40m%[0;1;30;90;40mXX[0;34;40mt[0;32;40m%[0;31;40m%[0;1;30;90;40mX[0;34;40mt[0;32;40m%[0;31;40mS[0;1;30;90;40m@[0;34;40mt[0;32;40m%[0;31;40mS[0;1;30;90;40m88X[0;31;40m.[0;32;40m [0;31;40m [0;34;40m [0;31;40m   [0;34;40m [0m
[0;34;40m    [0;32;40m   [0;31;40m  .[0;34;40m:[0;31;40m [0;34;40m.[0;31;40m:[0;34;40m..[0;32;40m..[0;31;40m:[0;34;40m::[0;32;40m.[0;31;40m:[0;34;40m::[0;32;40m.[0;31;40m:[0;34;40m::[0;32;40m [0;34;40m.   [0;31;40m      [0m
[0;34;40m    [0;32;40m   [0;31;40m [0;34;40m  [0;31;40m   [0;34;40m  [0;32;40m [0;34;40m  [0;32;40m .[0;31;40m [0;32;40m .[0;31;40m [0;32;40m.  .  [0;31;40m [0;34;40m     [0;31;40m    [0m
