[0;34;40m                       [0;31;40m .[0;34;40m  .[0;32;40m.[0;31;40m.[0;34;40m                              [0m
[0;34;40m                [0;31;40m  ;[0;33;5;40;100m.t:t[0;31;5;40;100mS[0;30;5;40;100m8[0;31;40m.[0;32;40m:[0;1;30;90;40m@XX[0;31;40m;[0;32;40m.[0;34;40m.[0;31;40m        [0;34;40m                   [0m
[0;34;40m               [0;31;40m  [0;32;40m.[0;30;5;40;100m8[0;1;37;97;47mtt[0;37;5;47;107m8[0;1;37;97;47m%S@S8[0;37;5;47;107m88%X[0;1;37;97;47m%:[0;37;5;40;100m8[0;31;5;40;100mS[0;32;40m  [0;31;40m.[0;32;40m.[0;31;40m.[0;34;40m [0;32;40m [0;31;40m   [0;34;40m               [0m
[0;34;40m               [0;31;40m .[0;34;40m [0;31;40m@[0;1;37;97;47mX[0;37;5;43;103m8[0;1;37;97;47m.[0;37;5;43;103m8[0;37;5;47;107m88X[0;1;33;93;5;47;107m8[0;37;5;47;107m@tt%tt::[0;33;47m8[0;1;30;90;47m%[0;1;37;97;47mX@t[0;1;30;90;47m@[0;33;5;40;100m;[0;31;5;40;100mS[0;32;40m.[0;31;40m    [0;34;40m            [0m
[0;34;40m              [0;32;40m  [0;34;40m [0;32;40m.[0;31;40m%[0;1;37;97;47m [0;1;33;93;47mS[0;37;5;47;107m888[0;1;37;97;5;43;103m8[0;37;5;47;107m88@[0;1;33;93;5;47;107m8[0;37;5;47;107m@[0;1;33;93;5;47;107m8[0;37;5;47;107m@;;S[0;1;37;97;47m8[0;37;5;47;107mX8SX[0;37;5;43;103m8[0;37;5;47;107m8[0;33;47m8[0;31;40m;.[0;34;40m               [0m
[0;34;40m                 [0;32;40m.[0;31;40mt[0;33;47m8[0;1;37;97;47m [0;37;5;47;107m8[0;1;33;93;5;47;107m8[0;37;5;47;107m88[0;37;5;43;103m8[0;37;5;47;107m888[0;1;33;93;5;47;107m8[0;37;5;47;107m88[0;1;37;97;5;43;103m8[0;37;5;47;107m@[0;1;33;93;5;47;107m8[0;1;37;97;47mX[0;1;37;97;5;43;103m8[0;37;5;47;107m8[0;37;5;43;103m8[0;1;37;97;47m.[0;37;5;47;107m8[0;1;31;91;47m8[0;31;40mX[0;32;40m.[0;31;40m   [0;34;40m             [0m
[0;34;40m                 .[0;31;40m%[0;1;37;97;47m [0;37;5;47;107m8[0;1;33;93;5;47;107m@[0;37;5;47;107m8[0;37;5;43;103m8[0;37;5;47;107m888[0;1;37;97;5;43;103m8[0;37;5;47;107m8[0;1;37;97;47m [0;1;33;93;5;47;107m8[0;1;33;93;47mS[0;37;5;47;107m8@@8[0;1;33;93;47mS[0;1;31;91;47mS[0;1;37;97;47m [0;1;33;93;5;47;107m8[0;1;37;97;47m [0;30;41mS[0;32;40m:[0;31;40m     [0;34;40m            [0m
[0;34;40m                [0;32;40m.[0;34;40m.[0;33;5;40;100m.[0;37;5;47;107m888[0;1;33;93;47m%[0;1;37;97;5;45;105m8[0;1;37;97;5;43;103m8[0;37;5;47;107m88[0;1;33;93;47m%[0;1;31;91;47mX[0;37;5;47;107m88[0;1;33;93;47mS[0;37;5;47;107m8[0;1;33;93;5;47;107mX[0;37;5;47;107m8[0;1;33;93;5;47;107m@[0;37;5;47;107m8[0;1;31;91;47m@[0;37;5;47;107m8[0;37;5;41;101m8[0;1;30;90;41m8[0;32;40m.[0;31;40m      [0;34;40m            [0m
[0;34;40m               [0;31;40m ..[0;1;37;97;47m%[0;37;5;47;107m8[0;37;5;43;103m8[0;37;5;47;107m8[0;33;5;41;101m [0;31;43mS[0;1;31;91;47m@[0;37;5;47;107m8[0;37;5;43;103m8[0;1;35;95;5;47;107m8[0;1;37;97;5;43;103m8[0;1;31;91;47mS@[0;1;33;93;47mX[0;1;37;97;47m [0;37;5;47;107m8[0;1;33;93;5;47;107m8[0;37;5;47;107m88[0;37;5;43;103m8[0;1;37;97;47m [0;1;30;90;41m;[0;32;40m   [0;31;40m    [0;32;40m [0;34;40m            [0m
[0;34;40m                [0;32;40m [0;31;40m:[0;1;37;97;47m@[0;37;5;47;107m8[0;1;33;93;47mS[0;37;5;47;107m8[0;1;37;97;47mX[0;37;5;43;103m8[0;37;5;47;107m88888[0;1;33;93;47m@[0;31;5;41;101m8[0;33;41mX[0;33;5;41;101m.[0;37;5;47;107mS8[0;37;5;43;103m8[0;37;5;47;107m888[0;31;40m@  [0;32;40m  [0;31;40m   [0;32;40m  [0;34;40m           [0m
[0;34;40m                [0;32;40m.[0;31;40m.[0;1;37;97;47m;[0;37;5;47;107m8[0;1;33;93;47mXX[0;37;5;47;107m888@8[0;1;33;93;5;47;107mS[0;37;5;47;107m%8[0;1;33;93;47m8[0;1;37;97;47mtt[0;37;5;43;103m8[0;1;37;97;47m [0;37;5;47;107m8[0;1;33;93;5;47;107m8[0;37;5;47;107m8[0;1;33;93;47mS[0;31;40mX       [0;32;40m  [0;34;40m           [0m
[0;34;40m        [0;32;40m   [0;31;40m   [0;34;40m  [0;31;40m..[0;33;5;40;100m:[0;37;5;47;107m88[0;1;33;93;47mX[0;37;5;47;107m88ttt%S888[0;1;33;93;47m@[0;37;5;47;107m8[0;1;33;93;47mX[0;1;35;95;47mX[0;37;5;47;107m88[0;1;31;91;47m@[0;31;40mt.      [0;32;40m   [0;34;40m          [0m
[0;34;40m       [0;32;40m [0;30;5;40;100mS[0;33;5;40;100m  [0;30;5;40;100m8[0;31;40m   [0;34;40m [0;32;40m [0;31;40m:[0;31;5;40;100m8[0;1;37;97;47mX[0;37;5;47;107m8[0;1;37;97;47m [0;37;5;43;103m8[0;37;5;47;107m88[0;1;33;93;5;47;107m8[0;37;5;47;107m8X[0;1;33;93;5;47;107mX[0;37;5;47;107m88[0;1;37;97;47m  [0;37;5;47;107m8[0;1;33;93;47m%X[0;37;5;47;107m8[0;1;33;93;5;47;107m@[0;1;30;90;47m8[0;31;40m%.       [0;32;40m  [0;34;40m          [0m
[0;34;40m      .[0;1;30;90;47mX[0;37;5;47;107mSX8@[0;33;5;40;100m [0;31;40m;[0;32;40m.[0;34;40m [0;32;40m. [0;33;5;40;100m@[0;37;5;47;107m88[0;1;37;97;47m [0;37;5;47;107m8[0;1;33;93;5;41;101m8[0;37;5;47;107m8[0;1;37;97;47m [0;1;33;93;47m%[0;1;33;93;5;47;107m8[0;37;5;45;105m8[0;1;33;93;5;47;107m@[0;37;5;47;107m8S8[0;1;33;93;5;47;107m8[0;35;5;41;101m:[0;1;30;90;47m@[0;1;37;97;47m [0;37;5;47;107m8[0;33;5;41;101mX[0;34;40mt[0;31;40m.       [0;32;40m  [0;34;40m          [0m
[0;34;40m     [0;32;40m [0;31;40m:[0;37;5;40;100mX[0;1;30;90;47mt[0;37;5;47;107m8[0;1;37;97;47m%[0;37;5;47;107mS:[0;33;5;40;100m.[0;31;40m:[0;34;40m.[0;31;40m.[0;34;40m [0;33;5;40;100m:[0;37;5;47;107m%8[0;37;5;43;103m8[0;1;35;95;47m%[0;35;47mX[0;1;30;90;43m8[0;1;30;90;45m8[0;1;31;91;47mX[0;37;5;47;107m8[0;1;37;97;5;43;103m8[0;1;37;97;47m.[0;37;5;47;107m8888[0;1;30;90;47m@[0;37;5;47;107m888[0;33;47mX[0;31;40m%[0;34;40m [0;31;40m       [0;32;40m  [0;34;40m          [0m
[0;34;40m    [0;32;40m  .[0;31;40m;%[0;30;41m8[0;33;5;40;100mt[0;37;5;47;107m8.X[0;31;40m8[0;32;40m;[0;34;40m:[0;31;40m.[0;1;30;90;47m8[0;37;5;47;107m;88[0;1;33;93;47m@[0;1;30;90;45m8[0;35;5;40;100m [0;1;37;97;47m [0;37;5;47;107m888[0;37;5;41;101m8[0;1;31;91;47m8[0;37;5;47;107m8[0;1;37;97;47m [0;37;5;47;107m888[0;1;33;93;5;47;107m8[0;1;37;97;47m  [0;31;40mX        [0;32;40m  [0;34;40m          [0m
[0;34;40m   [0;32;40m  [0;31;40m   [0;32;40m.:[0;31;40m%[0;1;30;90;47m@[0;37;5;47;107m. [0;37;5;40;100m8[0;31;40m:..[0;1;30;90;47mS[0;1;37;97;47mS [0;37;5;47;107m8[0;1;31;91;47m@[0;1;30;90;47m%8[0;1;37;97;47m;[0;37;5;47;107m;[0;1;33;93;47m%[0;1;31;91;45m8[0;1;30;90;47mS[0;1;37;97;47m@[0;1;33;93;47m8[0;37;5;47;107m8X8[0;31;5;41;101m8[0;37;5;40;100mt[0;1;31;91;47m8[0;1;37;97;47mt[0;1;30;90;41m8[0;32;40m    [0;31;40m   [0;32;40m   [0;34;40m          [0m
[0;34;40m   [0;32;40m  [0;31;40m    .:[0;33;5;40;100m@[0;37;5;47;107mS.8[0;31;40m8[0;32;40m;[0;31;40mt[0;1;37;97;47m [0;33;47m8[0;31;43m8[0;35;47m@[0;1;30;90;43m8[0;35;5;40;100m [0;1;30;90;47m8[0;37;5;47;107m8[0;1;31;91;47m8[0;1;30;90;47m8@8[0;1;37;97;47m:[0;1;33;93;47mX[0;37;5;47;107m8S8[0;1;30;90;47mX88[0;37;5;47;107m8[0;33;5;40;100m:[0;31;40m;[0;32;40m:[0;31;40m    [0;32;40m   [0;34;40m           [0m
[0;34;40m    [0;31;40m     [0;32;40m [0;31;40m :[0;1;37;97;47mt[0;37;5;47;107m. @[0;30;5;40;100m8[0;1;30;90;47mX[0;1;37;97;47m;   [0;1;30;90;47m8[0;35;5;40;100m@[0;1;31;91;43m8[0;33;5;40;100m:[0;1;30;90;47mS[0;1;37;97;47m :[0;1;33;93;47mS[0;37;5;47;107m888X:88[0;1;30;90;47m8[0;1;37;97;47mX[0;37;5;47;107m@[0;1;30;90;41m8[0;32;40m.       [0;34;40m           [0m
[0;34;40m    [0;31;40m      ..[0;1;30;90;47m8[0;37;5;47;107m : X[0;1;37;97;47m:%[0;1;33;93;47mS[0;1;31;91;47m8[0;1;30;90;41m8[0;33;5;40;100mt[0;37;5;47;107m8[0;1;30;90;47m8[0;1;30;90;41m8[0;1;37;97;47m [0;37;5;47;107mX8[0;1;37;97;47m [0;37;5;47;107m8@8S:88[0;1;37;97;47m.[0;1;37;97;5;43;103m8[0;37;5;47;107m8[0;1;37;97;47m;[0;31;40m%[0;32;40m.     [0;34;40m            [0m
[0;34;40m     [0;31;40m    [0;34;40m .[0;31;40m.[0;31;5;40;100mS[0;37;5;47;107mS:..8[0;1;37;97;47m: [0;33;5;40;100mX[0;35;5;40;100m%[0;1;30;90;47mX[0;37;5;47;107m.[0;1;30;90;47m8[0;33;5;40;100mtS[0;33;47m@[0;1;37;97;47m  [0;37;5;47;107m8S88;%88[0;1;37;97;47m [0;37;5;47;107m88[0;1;33;93;47mX[0;1;30;90;40m@[0;31;40m:.[0;32;40m   [0;34;40m            [0m
[0;34;40m      [0;31;40m     [0;32;40m [0;31;40m [0;33;5;40;100mS[0;37;5;47;107m8XSS8[0;1;33;93;47m@[0;35;41m8[0;33;5;40;100mS[0;37;5;47;107m8;[0;1;37;97;47m [0;33;5;41;101m@[0;37;5;40;100m@[0;1;30;90;45m8[0;1;37;97;47mt[0;37;5;47;107mX8:8[0;1;33;93;5;47;107m8[0;37;5;47;107m8SS8[0;1;37;97;5;43;103m8[0;37;5;47;107m8[0;1;37;97;47m:[0;37;5;47;107m8[0;1;37;97;47mS[0;1;30;90;47m@[0;31;5;40;100m8[0;32;40m      [0;34;40m         [0m
[0;34;40m        [0;31;40m   [0;32;40m [0;31;40m .8[0;1;37;97;47mS[0;37;5;47;107m88[0;1;33;93;47mS[0;1;30;90;47m8[0;33;47m@[0;37;5;47;107m8S t[0;1;37;97;47m [0;33;5;40;100mt[0;1;30;90;43m8[0;37;5;47;107m8t@t8888[0;1;33;93;5;47;107m@[0;37;5;47;107m8[0;1;37;97;47m [0;37;5;47;107m8[0;37;5;43;103m8[0;37;5;47;107m88[0;1;33;93;47mS[0;1;37;97;47mX:[0;33;5;40;100m%[0;31;40m%[0;32;40m.[0;34;40m.[0;32;40m    [0;34;40m      [0m
[0;34;40m        [0;31;40m  [0;32;40m [0;31;40m  [0;34;40m.[0;31;40m:S[0;1;30;90;41m8[0;33;5;40;100mt[0;37;5;47;107m8[0;1;33;93;47m@[0;1;35;95;47mS[0;37;5;47;107m8: X8[0;1;31;91;47m8[0;1;30;90;47m8[0;37;5;47;107m8.S;88[0;37;5;43;103m8[0;37;5;47;107m8888[0;1;33;93;47mS[0;37;5;47;107m8[0;1;33;93;47mS[0;37;5;47;107m88@[0;1;33;93;47mX[0;37;5;47;107m@%[0;33;5;40;100mS[0;31;40m .[0;34;40m         [0m
[0;34;40m          [0;31;40m   [0;32;40m ...[0;1;37;97;47m%[0;1;33;93;47mS[0;35;5;40;100m:[0;37;5;47;107m88S:%8[0;1;33;93;47mS[0;1;37;97;47m [0;37;5;47;107m;.;;8888[0;1;37;97;47m [0;37;5;47;107m888888[0;37;5;43;103m8[0;37;5;47;107m8888X[0;1;37;97;47m;[0;33;5;40;100mX[0;34;40m         [0m
[0;34;40m          [0;31;40m   [0;32;40m   [0;31;40mX[0;37;5;47;107mt[0;31;5;40;100m8[0;33;5;40;100mS[0;37;5;47;107m8[0;1;33;93;47mX[0;37;5;47;107m8Xt88S.;:8[0;1;33;93;5;47;107m8[0;37;5;47;107m8[0;1;37;97;47m [0;37;5;47;107m8[0;1;37;97;5;43;103m8[0;37;5;47;107m888[0;1;33;93;5;47;107m8[0;37;5;47;107m8888[0;37;5;43;103m8[0;37;5;47;107m8888%[0;33;5;40;100m [0;31;40mt[0;32;40m.[0;34;40m      [0m
[0;34;40m           [0;31;40m  [0;32;40m ..[0;33;5;40;100mX[0;37;5;47;107m8[0;31;40m@[0;30;41m8[0;37;5;47;107mX[0;1;37;97;47m [0;37;5;47;107m8[0;1;33;93;5;47;107m@[0;37;5;47;107m888S%%@[0;1;33;93;5;47;107m8[0;1;35;95;47mS[0;1;33;93;5;47;107m8[0;37;5;47;107m8[0;1;37;97;47m [0;37;5;45;105m8[0;1;37;97;5;43;103m8[0;37;5;47;107m888[0;1;33;93;5;47;107m8[0;37;5;47;107m8[0;1;33;93;5;47;107m8[0;37;5;47;107m888[0;1;33;93;5;47;107m8[0;37;5;47;107m8X8 [0;33;5;40;100m8[0;34;40m       [0m
[0;34;40m           [0;31;40m   .[0;34;40m [0;31;5;40;100m8[0;1;37;97;47mt[0;32;40m.[0;31;40m:[0;1;37;97;47m.[0;1;30;90;43m8[0;1;31;91;41mt[0;1;37;97;47m [0;37;5;47;107m8[0;1;37;97;5;43;103m8[0;37;5;47;107m8[0;1;33;93;5;47;107m8[0;37;5;47;107m8[0;1;33;93;5;47;107m8[0;37;5;47;107m88[0;1;33;93;5;47;107m@[0;37;5;45;105m8[0;1;33;93;5;47;107m8[0;37;5;47;107m@:88[0;1;33;93;5;47;107m@[0;1;37;97;47m [0;1;31;91;47mX[0;37;5;47;107m8[0;1;37;97;47m [0;37;5;47;107m8[0;1;33;93;5;47;107m8[0;37;5;47;107m888%S8[0;1;37;97;47m [0;31;40m%     [0;34;40m [0m
[0;34;40m            [0;31;40m [0;34;40m   [0;32;40mt[0;1;37;97;47mt[0;31;40mX[0;32;40m:[0;31;40m8[0;1;30;90;47m%[0;30;41m8[0;1;30;90;41m8[0;1;37;97;47m [0;37;5;47;107m8[0;1;33;93;5;41;101m8[0;37;5;47;107m888[0;1;37;97;5;43;103m8[0;1;35;95;5;47;107m8[0;37;5;47;107m8[0;37;5;43;103m8[0;37;5;47;107m%8XS88[0;1;33;93;5;47;107mS[0;1;31;91;47m@[0;35;5;41;101mX[0;33;5;40;100m:[0;1;31;91;45m8[0;35;5;40;100m [0;35;47m8[0;1;33;93;47mS[0;37;5;47;107m8[0;1;33;93;5;47;107mX[0;37;5;47;107mS88[0;30;41m8[0;32;40m:[0;31;40m     [0m
[0;34;40m               .[0;31;40m;[0;1;37;97;47m%[0;33;5;40;100mX[0;31;40m::%[0;33;5;40;100m.[0;31;40m;[0;33;41m8[0;37;5;47;107m888[0;1;33;93;5;47;107m8[0;1;35;95;5;47;107m8[0;37;5;47;107m8[0;1;33;93;5;47;107m8[0;37;5;47;107m8[0;1;35;95;47mS[0;37;5;47;107m@[0;1;33;93;5;47;107mX[0;37;5;47;107m8[0;1;33;93;5;47;107m@[0;37;5;47;107m8[0;1;33;93;5;47;107mX[0;37;5;45;105m8[0;1;33;93;47mS[0;33;5;40;100m [0;1;30;90;47m8%%%@[0;37;5;47;107m88[0;1;33;93;5;47;107mX[0;37;5;47;107m8[0;1;33;93;47mS[0;31;40m@[0;32;40m.[0;34;40m [0;31;40m    [0m
[0;34;40m              [0;31;40m ..[0;33;5;40;100m:[0;1;37;97;47m@[0;31;40mX[0;32;40m;:[0;31;40m;[0;1;30;90;40m8[0;31;40m8[0;1;37;97;47m [0;37;5;47;107m888[0;1;33;93;5;47;107m8[0;37;5;47;107m88[0;1;33;93;5;47;107m8[0;1;31;91;47m@[0;37;5;47;107m88[0;1;33;93;5;47;107m8[0;1;35;95;5;47;107m8[0;37;5;43;103m8[0;1;35;95;47m@[0;33;47m8[0;35;5;40;100m [0;1;30;90;47m@[0;37;5;40;100m8S[0;1;30;90;47m88;[0;1;37;97;47m:[0;37;5;47;107m8X[0;1;33;93;5;47;107m@[0;37;5;47;107m8[0;1;30;90;41m8[0;32;40m    [0;31;40m [0;32;40m [0m
[0;34;40m              [0;32;40m  [0;31;40m:;[0;33;5;40;100m:[0;1;37;97;47m8[0;33;5;40;100m:[0;1;30;90;40m@[0;32;40m.[0;34;40m.[0;31;40mt[0;33;5;40;100m [0;1;33;93;47m8[0;1;31;91;47mS[0;37;5;47;107m88[0;1;31;91;5;43;103m8[0;37;5;47;107m8[0;1;35;95;47mS[0;1;33;93;47m8[0;35;5;41;101m%[0;1;30;90;47m8[0;33;5;41;101m@[0;1;30;90;47m8[0;35;47m8[0;33;5;40;100m%[0;1;30;90;47m8[0;37;5;40;100m8[0;1;30;90;47m@88[0;36;5;40;100m;[0;35;5;40;100m [0;1;37;97;47m%[0;37;5;47;107m8[0;1;37;97;5;43;103m8[0;37;5;47;107m888[0;33;47m8[0;31;40mX[0;32;40m.[0;34;40m  [0;31;40m  [0m
[0;34;40m              [0;32;40m  ..[0;31;40m:.[0;33;5;40;100m%[0;1;30;90;47m8[0;31;5;40;100mX[0;32;40m:[0;31;40mt[0;35;5;40;100m [0;1;30;90;45m8[0;1;31;91;43m8[0;1;30;90;45m8[0;33;5;41;101m%[0;35;47m8[0;33;5;40;100mt[0;35;41m8[0;35;5;40;100m  ;  [0;1;30;90;47m8%X[0;35;5;40;100mt[0;1;30;90;47m8[0;36;47m8[0;1;30;90;47m88.[0;1;37;97;47m [0;37;5;47;107m88[0;37;5;43;103m8[0;1;33;93;47mXS[0;37;5;47;107m8[0;31;5;40;100m8[0;31;40m:.[0;32;40m   [0m
[0;34;40m             [0;32;40m   [0;31;40m  [0;32;40m.[0;31;40m...[0;32;40m [0;34;40m.[0;30;5;40;100m8[0;37;5;40;100m@[0;35;5;40;100m    ::[0;33;5;40;100m [0;35;5;40;100m.:[0;37;5;40;100mX[0;1;30;90;47m@[0;35;5;40;100m [0;1;30;90;47mS[0;35;5;40;100m [0;1;30;90;47m88[0;35;5;40;100m.[0;1;30;90;47m8X[0;1;37;97;47m8[0;1;30;90;47m8[0;1;30;90;41m;[0;33;47m8[0;1;37;97;47m  [0;37;5;47;107m8[0;1;31;91;5;43;103m8[0;37;5;47;107m8[0;33;47m@[0;31;40mX[0;32;40m    [0m
[0;34;40m             [0;32;40m   [0;31;40m     [0;32;40m  [0;1;30;90;40m@[0;37;5;40;100mX[0;35;5;40;100m  ;:.::[0;33;5;40;100m [0;35;5;40;100m .[0;37;5;40;100m8[0;1;30;90;47m8[0;35;5;40;100m [0;1;30;90;47mX@Xt [0;1;37;97;47m%@[0;37;5;47;107m8[0;1;30;90;47m8[0;31;40m8@[0;33;41m8[0;37;5;47;107m8[0;37;5;43;103m8[0;1;37;97;47m:[0;1;33;93;47mS[0;37;5;47;107m8[0;1;30;90;41mS[0;32;40m .[0;31;40m  [0m
[0;34;40m               [0;31;40m      [0;32;40m  [0;31;40m%[0;37;5;40;100mS%[0;35;5;40;100m  :.  [0;1;30;90;47m8[0;35;5;40;100m [0;37;5;40;100m@[0;1;30;90;47m@S@8%[0;1;37;97;47m:[0;37;5;47;107m88@@t[0;33;5;40;100m%[0;31;40m%:S[0;30;41m@[0;1;30;90;45m8[0;1;33;93;47mSSX[0;1;30;90;41m8[0;31;40m.[0;34;40m.[0;31;40m  [0m
[0;34;40m               [0;31;40m       [0;32;40m.[0;31;40m:[0;1;30;90;47mX[0;1;33;93;47mS[0;1;30;90;47m8[0;35;5;40;100m%[0;33;5;40;100m.[0;37;5;40;100m%%t[0;1;30;90;47m8888@[0;1;37;97;47m [0;37;5;47;107m8ttS%%t@[0;1;30;90;41m%[0;31;40m   :S[0;30;41mt[0;1;35;95;47mS[0;33;47m8[0;1;30;90;41m8[0;34;40m [0;31;40m.[0;32;40m  [0m
[0;34;40m                [0;31;40m     .[0;34;40m.[0;33;5;40;100mX[0;37;5;47;107m8[0;1;37;97;47m [0;37;5;47;107m8[0;1;33;93;47mS[0;1;37;97;47m   ::[0;37;5;47;107m8[0;1;31;91;47m8[0;33;47m8[0;37;5;47;107m888888@%;[0;1;33;93;47m8[0;31;40m;    .:[0;1;30;90;41m8[0;33;47m8[0;30;41m8[0;34;40m:[0;32;40m.[0;34;40m [0;32;40m [0m
[0;34;40m                  [0;32;40m [0;31;40m [0;32;40m  [0;31;40m;[0;1;30;90;47m8[0;37;5;41;101m8[0;1;33;93;47m@[0;37;5;41;101m8[0;1;37;97;47m [0;37;5;47;107m88t%t[0;37;5;43;103m8[0;30;41mX[0;1;30;90;47m8[0;37;5;47;107m88%;t;[0;1;33;93;5;47;107m8[0;37;5;47;107m8[0;37;5;43;103m8[0;35;41mS[0;34;40m [0;31;40m     [0;32;40m [0;31;40m.[0;31;5;40;100m8[0;1;30;90;40mX[0;32;40m.[0;34;40m   [0m
[0;34;40m                    [0;31;40m.[0;32;40m.[0;33;5;40;100mX[0;1;37;97;47m:[0;37;5;47;107m8@8[0;37;5;43;103m8[0;1;35;95;5;41;101mX[0;37;5;43;103m8[0;37;5;47;107m8t8[0;30;41m;[0;31;40m:[0;1;37;97;47m [0;37;5;47;107m8[0;37;5;43;103m8[0;37;5;41;101m8[0;37;5;43;103m8[0;37;5;41;101m8[0;37;5;47;107m8[0;1;37;97;47m [0;37;5;47;107m8[0;31;5;41;101mt[0;34;40mt   [0;31;40m    [0;32;40m       [0m
[0;34;40m                   [0;32;40m [0;34;40m [0;31;40m.[0;1;37;97;47m [0;37;5;47;107m888@ 8[0;37;5;41;101m8[0;1;33;93;47mX[0;1;37;97;47m [0;33;41m%[0;31;40m:%[0;1;31;91;47m8[0;37;5;41;101m8[0;37;5;47;107m8[0;1;37;97;47m [0;1;35;95;5;47;107m8[0;37;5;43;103m8[0;1;35;95;5;41;101m@[0;1;33;93;5;41;101m8[0;1;37;97;47m.[0;31;5;40;100mX[0;32;40m [0;34;40m   [0;31;40m    [0;32;40m      [0;34;40m [0m
[0;34;40m                  [0;32;40m [0;31;40m [0;34;40m [0;31;5;40;100m8[0;1;37;97;47m  [0;37;5;47;107m8[0;1;31;91;47mXS[0;37;5;41;101m8[0;37;5;47;107m88[0;35;5;41;101m [0;31;5;40;100m8[0;34;40m..[0;31;5;40;100m8[0;1;37;97;47m%[0;37;5;47;107mtX%S S[0;1;37;97;47m [0;35;5;41;101mX[0;32;40m%[0;34;40m.    [0;31;40m   [0;32;40m       [0m
[0;34;40m                  [0;31;40m [0;34;40m.[0;32;40m [0;1;30;90;47m8[0;37;5;47;107m:;; X[0;37;5;41;101m88[0;37;5;47;107m8[0;1;30;90;40m8[0;31;40m [0;32;40m. [0;30;5;40;100m8[0;37;5;47;107m8t88[0;1;31;91;47mX[0;37;5;47;107m888[0;31;5;40;100m@[0;32;40m .[0;34;40m    [0;31;40m    [0;32;40m      [0m
[0;34;40m                  [0;31;40m [0;32;40m [0;31;40mt[0;1;30;90;47m@[0;1;33;93;47mS[0;1;31;91;47mX[0;1;37;97;47m [0;37;5;47;107m88[0;1;37;97;47m [0;1;33;93;47m@[0;35;41m@[0;31;40m;[0;32;40m.[0;31;40m.[0;32;40m [0;31;5;40;100m8[0;1;33;93;47mX[0;37;5;41;101m8[0;1;33;93;47mX[0;37;5;41;101m8[0;1;37;97;47m [0;1;33;93;5;41;101mX[0;1;31;91;47mX[0;33;47m@[0;31;40mX    [0;34;40m  [0;31;40m    [0;32;40m      [0m
[0;34;40m                 [0;31;40m .[0;32;40m.[0;1;30;90;41m8[0;33;47m@[0;37;5;47;107m88[0;1;37;97;47m [0;1;33;93;5;41;101m8[0;37;5;41;101m8[0;1;37;97;47m [0;1;30;90;45m8[0;31;40m@[0;32;40m;[0;31;40m [0;32;40m  [0;31;40mt[0;1;30;90;47m@[0;37;5;47;107m8888[0;1;37;97;47m. [0;35;41mt[0;31;40m:           [0;32;40m     [0m
[0;34;40m                [0;31;40m [0;32;40m [0;34;40m [0;32;40m [0;31;40m.SX8[0;30;41m8[0;34;40mS[0;31;40m@@t[0;32;40m:[0;31;40m  [0;32;40m  [0;31;40m:S%X@@8X.            [0;32;40m     [0m
