[0;34;40m                                                                 [0m
[0;34;40m                                                                 [0m
[0;34;40m                       [0;31;40m     .[0;34;40m  [0;31;40m       [0;32;40m [0;34;40m                          [0m
[0;34;40m                     [0;31;40m.[0;34;40m  [0;32;40m :[0;1;30;90;40m8[0;35;5;40;100mt[0;33;5;40;100m%[0;35;5;40;100m;[0;33;5;40;100m;[0;35;5;40;100mt[0;1;30;90;40m8[0;31;40m:[0;32;40m.[0;34;40m [0;31;40m.[0;34;40m                            [0m
[0;34;40m                   [0;31;40m [0;34;40m.[0;30;5;40;100m8[0;35;5;40;100m;[0;1;30;90;47m8[0;35;47mS[0;1;37;97;47m       [0;37;5;47;107m8[0;1;37;97;47m  [0;37;5;40;100m:[0;31;5;40;100m@[0;34;40m.[0;32;40m.[0;31;40m     [0;34;40m                     [0m
[0;34;40m                 [0;31;40m t[0;35;5;40;100m.[0;35;47mX[0;1;31;91;47mX[0;1;35;95;47mX[0;37;5;41;101m8[0;1;35;95;47mS[0;37;5;41;101m8[0;1;35;95;47mS[0;1;33;93;5;41;101m8[0;1;35;95;5;47;107m8[0;1;31;91;5;43;103m8[0;1;35;95;5;47;107m8[0;37;5;43;103m8[0;1;37;97;5;45;105m8[0;37;5;43;103m8[0;1;37;97;5;45;105m8[0;1;37;97;47m;[0;37;5;47;107m8[0;1;37;97;47m [0;33;5;40;100m;[0;31;40mS[0;34;40m.[0;32;40m     [0;34;40m                   [0m
[0;34;40m               [0;31;40m  [0;1;30;90;40m8[0;1;30;90;47m8[0;1;31;91;47m88@X[0;1;37;97;47m [0;1;35;95;5;41;101m8[0;1;33;93;5;47;107m8[0;1;31;91;5;45;105m8[0;1;37;97;47m [0;37;5;41;101m8[0;37;5;47;107m8[0;1;35;95;5;41;101m8[0;37;5;47;107m8[0;1;33;93;5;41;101m8[0;37;5;47;107m8[0;37;5;43;103m8[0;1;35;95;5;47;107m8[0;37;5;43;103m8[0;37;5;47;107m88[0;1;37;97;47m [0;31;40mS[0;32;40m     [0;34;40m                   [0m
[0;34;40m              [0;31;40m  [0;30;5;40;100m8[0;35;5;40;100m:[0;37;5;41;101m8[0;35;47m8[0;1;31;91;47m8[0;1;35;95;47m8[0;37;5;41;101m8[0;1;31;91;47mXS[0;1;35;95;47mX[0;37;5;43;103m8[0;37;5;45;105m8[0;37;5;41;101m8[0;1;37;97;47m [0;37;5;43;103m8[0;37;5;45;105m8[0;37;5;47;107m8[0;1;31;91;5;45;105m8[0;1;33;93;5;47;107m8[0;37;5;47;107m8[0;1;37;97;5;45;105m8[0;37;5;43;103m8[0;37;5;47;107m88[0;1;33;93;47mS[0;31;40mS[0;34;40m.[0;31;40m    [0;34;40m                  [0m
[0;34;40m             [0;31;40m  [0;31;5;40;100m@[0;35;5;40;100m;[0;1;31;91;45m8[0;1;30;90;47m8[0;35;5;41;101mt[0;1;30;90;47m8[0;35;5;41;101m:[0;1;37;97;47m [0;37;5;41;101m8888[0;1;37;97;47m  [0;1;35;95;5;41;101m@[0;1;31;91;47mX[0;37;5;41;101m8[0;1;33;93;47mS[0;37;5;47;107m8[0;1;35;95;5;41;101m@[0;37;5;43;103m8[0;37;5;47;107m8[0;1;35;95;5;41;101m8[0;1;33;93;5;47;107m8[0;1;35;95;47m%[0;37;5;47;107m8[0;1;30;90;47m@[0;31;40mS.[0;32;40m    [0;34;40m                 [0m
[0;34;40m            [0;31;40m  [0;1;30;90;40m@[0;1;30;90;47m8[0;31;45m8[0;1;30;90;47m8[0;35;5;41;101m%[0;1;30;90;47m8[0;1;30;90;45m8[0;1;30;90;47m8[0;37;5;41;101m8[0;35;47m8[0;1;31;91;47m8[0;1;35;95;47mS[0;37;5;41;101m88[0;1;31;91;47m@[0;37;5;47;107m8[0;1;33;93;5;41;101m8[0;1;35;95;47mX[0;37;5;41;101m8[0;1;33;93;47mX[0;1;35;95;47m@[0;37;5;41;101m8[0;1;33;93;5;47;107m8[0;37;5;45;105m8[0;1;37;97;5;43;103m8[0;1;37;97;5;45;105m8[0;1;37;97;5;43;103m8[0;1;37;97;47m.[0;30;41m8[0;34;40m.[0;32;40m.[0;34;40m                    [0m
[0;34;40m           [0;31;40m  [0;32;40m [0;35;5;40;100m.[0;35;47m8[0;33;41m8[0;1;30;90;45m8[0;1;30;90;47m8[0;35;5;41;101m8[0;33;47m8[0;35;5;41;101mS[0;1;30;90;47m8[0;1;31;91;47m888[0;1;33;93;47mS[0;1;31;91;47mX[0;37;5;41;101m8[0;1;31;91;47m@[0;1;37;97;47m [0;1;33;93;5;41;101m8[0;1;35;95;47m8[0;37;5;41;101m8[0;1;33;93;47mX[0;1;35;95;5;41;101m8[0;1;33;93;47mS[0;37;5;41;101m8[0;1;37;97;47m [0;1;31;91;5;43;103m8[0;1;35;95;5;47;107m8[0;37;5;47;107m8[0;33;5;40;100mS[0;31;40m;.[0;34;40m                    [0m
[0;34;40m          [0;31;40m   :[0;1;30;90;47m8[0;37;5;41;101m8[0;1;30;90;45m8[0;1;31;91;47m8[0;1;30;90;47m8[0;37;5;41;101m8[0;35;5;40;100m:[0;1;31;91;47m@[0;37;5;41;101m8[0;1;31;91;47mX[0;1;33;93;47mS[0;1;31;91;47m8X[0;1;33;93;47mS[0;1;37;97;47m [0;1;31;91;5;43;103m8[0;1;37;97;5;45;105m8[0;37;5;43;103m8[0;37;5;41;101m8[0;1;31;91;47m@XS[0;37;5;41;101m8[0;1;35;95;47mS[0;37;5;41;101m8[0;37;5;47;107m8[0;37;5;41;101m8[0;37;5;47;107m8[0;1;31;91;47mX[0;31;40m%[0;34;40m.[0;31;40m [0;34;40m                   [0m
[0;34;40m          [0;31;40m  ..[0;33;5;40;100mt[0;35;47mX[0;37;5;41;101m8[0;35;47m8[0;33;5;41;101mt[0;1;30;90;47m8[0;37;5;41;101m8[0;33;47m8[0;1;31;91;47mX[0;37;5;41;101m8[0;1;31;91;47mX[0;1;37;97;47m [0;1;33;93;5;47;107m8[0;1;35;95;5;41;101m8[0;1;33;93;5;47;107m8[0;1;35;95;5;41;101m@[0;33;41m@[0;30;41mX[0;1;30;90;41m8[0;30;41m8[0;35;5;40;100m:[0;1;37;97;47m [0;37;5;41;101m8[0;1;31;91;47mXSX[0;1;35;95;47m%[0;1;31;91;5;43;103m8[0;37;5;47;107m@[0;30;41m8[0;34;40m:[0;31;40m  [0;34;40m                  [0m
[0;34;40m          [0;31;40m [0;34;40m [0;32;40m [0;31;40m.[0;31;5;40;100m8[0;33;47mS[0;37;5;41;101m8[0;35;5;40;100m.[0;35;47m8[0;35;5;41;101mt[0;1;30;90;47m8[0;37;5;41;101m8[0;1;33;93;47mS[0;1;35;95;47mX[0;1;31;91;5;43;103m8[0;1;37;97;5;45;105m8[0;1;33;93;5;41;101m8[0;37;5;47;107m8[0;1;31;91;5;43;103m8[0;37;5;47;107m8[0;1;37;97;47m [0;1;30;90;47m8[0;33;5;40;100mX:[0;1;31;91;47m@[0;37;5;41;101m8[0;1;35;95;47mS[0;37;5;41;101m8[0;1;37;97;47m [0;37;5;43;103m8[0;1;31;91;5;45;105m8[0;1;37;97;47m [0;37;5;47;107m8[0;1;30;90;45m8[0;31;40mt.[0;32;40m    [0;34;40m               [0m
[0;34;40m           [0;32;40m [0;34;40m  [0;31;40m:[0;35;47m@[0;37;5;41;101m8[0;37;45m8[0;31;43m8[0;35;47m8[0;37;5;41;101m8[0;1;33;93;47mS[0;35;5;41;101m [0;33;5;40;100m [0;31;5;41;101mt[0;1;37;97;47m.[0;37;5;47;107m8[0;1;37;97;5;43;103m8[0;1;37;97;5;45;105m8[0;37;5;43;103m8[0;1;35;95;47mS[0;37;5;41;101m8[0;1;33;93;47mS[0;1;37;97;47m [0;37;5;43;103m8[0;1;31;91;5;45;105m8[0;37;5;43;103m8[0;35;5;41;101m [0;1;35;95;47mX[0;1;31;91;47m8@[0;1;35;95;5;41;101m@[0;1;37;97;47m  [0;30;41mS[0;32;40m:     [0;34;40m              [0m
[0;34;40m          [0;32;40m [0;34;40m  .[0;31;40m:[0;33;5;40;100m:[0;35;47m8[0;31;5;41;101m8[0;35;5;40;100m [0;1;30;90;45m8[0;1;31;91;47m88[0;35;5;40;100m. [0;1;30;90;43m8[0;37;5;41;101m8[0;1;37;97;47m [0;1;37;97;5;43;103m8[0;1;31;91;5;45;105m8[0;1;33;93;5;47;107m8[0;37;5;43;103m8[0;1;37;97;5;45;105m8[0;1;31;91;5;43;103m8[0;1;35;95;5;47;107m8[0;37;5;43;103m8[0;37;5;41;101m8[0;1;35;95;47m8[0;33;47m@[0;35;5;41;101m [0;35;5;40;100m.[0;1;31;91;47m@@[0;37;5;41;101m8[0;37;5;47;107m8[0;33;5;40;100mS[0;31;40mt.[0;34;40m                  [0m
[0;34;40m            [0;31;40m ..[0;1;30;90;41m8[0;1;30;90;47m8[0;1;30;90;45m8[0;33;5;41;101m@[0;35;5;40;100mt[0;31;5;40;100mS[0;35;47m8[0;1;31;91;47m@[0;1;37;97;47m [0;33;5;41;101m:[0;1;37;97;47m;[0;1;31;91;5;43;103m8[0;1;35;95;5;47;107m8[0;1;33;93;5;47;107m8[0;37;5;45;105m8[0;1;37;97;5;43;103m8[0;1;37;97;47m [0;1;33;93;5;47;107m8[0;1;35;95;5;41;101m8[0;37;5;47;107m8[0;1;33;93;47m@[0;35;5;41;101m [0;1;35;95;47mS[0;1;30;90;47m8[0;35;5;41;101m@[0;37;5;40;100m;[0;37;5;41;101m8[0;1;31;91;47mX[0;1;37;97;47m [0;1;35;95;47m@[0;31;40m8[0;32;40m.[0;31;40m    [0;34;40m              [0m
[0;34;40m           [0;31;40m [0;32;40m   [0;31;40m;[0;37;5;40;100m.[0;1;31;91;45m8[0;33;5;40;100m.[0;1;30;90;45m8[0;33;41m@[0;35;41m8[0;1;31;91;43m8[0;35;47m8[0;1;33;93;47mX[0;1;35;95;47mS[0;37;5;47;107m8[0;1;33;93;47mS[0;37;5;47;107m8[0;1;37;97;5;43;103m8[0;1;31;91;5;45;105m@[0;1;33;93;5;47;107m8[0;1;35;95;5;47;107m8[0;1;37;97;5;43;103m@[0;37;5;47;107m8[0;1;31;91;47mX[0;35;47m8[0;37;5;41;101m8[0;35;47m8[0;1;30;90;43m8[0;1;31;91;45m8[0;35;47m8[0;37;5;41;101m88[0;37;5;47;107m8[0;1;30;90;43m8[0;31;40mt.[0;34;40m                 [0m
[0;34;40m            [0;32;40m   [0;31;40m;[0;33;5;40;100m.[0;1;30;90;47m8[0;1;31;91;41m%[0;35;5;40;100m.[0;1;30;90;45m8[0;31;5;40;100m8[0;35;5;40;100m;[0;35;5;41;101mX[0;1;30;90;43m8[0;1;37;97;47m [0;37;5;47;107m8[0;1;35;95;5;47;107m8[0;37;5;47;107m8:%88[0;1;33;93;47mS[0;1;35;95;5;41;101m8[0;37;5;43;103m8[0;35;5;41;101m;[0;35;47m@[0;37;5;41;101m8[0;1;30;90;45m8[0;1;31;91;43m8[0;1;30;90;45m8[0;1;31;91;47m8[0;37;5;41;101m8[0;1;37;97;47m [0;1;35;95;47mS[0;30;41m8[0;34;40m.[0;32;40m [0;31;40m   [0;34;40m             [0m
[0;34;40m            [0;32;40m  .[0;31;40m:[0;35;5;40;100m%[0;35;5;41;101mX[0;35;5;40;100m [0;31;5;40;100mX[0;35;5;40;100m;[0;35;41m@[0;33;5;40;100mX[0;1;30;90;45m8[0;37;5;47;107m8[0;1;37;97;47m  [0;37;5;47;107m8888S%8[0;1;33;93;47mS[0;1;35;95;5;41;101m8[0;33;47m8[0;35;5;41;101m%[0;1;37;97;47m [0;35;5;41;101mS[0;1;30;90;47m8[0;35;5;41;101mX[0;1;30;90;47m8[0;37;5;41;101m8[0;1;31;91;47mS[0;37;5;47;107m8[0;33;5;40;100m%[0;31;40mS.[0;34;40m                [0m
[0;34;40m            [0;32;40m [0;34;40m .[0;31;40m:[0;30;5;40;100m8[0;1;30;90;47m8[0;35;41m8[0;31;5;40;100mS[0;31;5;41;101m8[0;1;30;90;47m8[0;1;33;93;47m@[0;1;37;97;47m  [0;37;5;47;107m8[0;1;37;97;47m  [0;37;5;47;107m888S8[0;1;35;95;47mS[0;1;33;93;47m@%[0;37;5;41;101m8[0;35;47m8[0;1;35;95;47mS[0;1;31;91;47m@[0;33;5;40;100m [0;33;47mX[0;1;31;91;47mS[0;1;37;97;47m [0;37;5;41;101m8[0;1;37;97;47m  [0;30;41mt[0;34;40m.[0;32;40m  [0;34;40m              [0m
[0;34;40m             [0;31;40m   [0;1;30;90;40m8[0;1;30;90;47m8[0;31;5;41;101m8[0;1;30;90;47m8[0;35;5;40;100m%[0;37;5;41;101m8[0;1;37;97;47m [0;1;35;95;47mS[0;1;37;97;47m [0;37;5;47;107m8[0;1;35;95;47m%[0;1;33;93;5;47;107m8[0;37;5;45;105m8[0;1;33;93;5;47;107m8[0;37;5;47;107m88[0;1;31;91;47mX[0;1;37;97;47m [0;37;5;41;101m8[0;37;5;47;107m8[0;1;33;93;5;41;101m8[0;35;5;41;101m%[0;1;30;90;47m@[0;1;37;97;47m [0;37;5;47;107m88[0;37;5;43;103m8[0;37;5;47;107m88[0;37;5;43;103m8[0;1;37;97;5;45;105m8[0;1;30;90;43m8[0;31;40mt[0;34;40m.[0;31;40m [0;32;40m  [0;34;40m            [0m
[0;34;40m            [0;31;40m  ..@[0;1;30;90;47m8[0;35;47m8[0;33;5;41;101m [0;37;5;40;100mS[0;1;37;97;47m   [0;37;5;47;107m8[0;1;33;93;47m%[0;1;35;95;47mS[0;1;31;91;47mS[0;1;37;97;47m [0;37;5;47;107m8[0;1;35;95;47mS[0;1;33;93;47mS[0;1;35;95;47mS[0;1;30;90;47m@[0;1;33;93;47mS[0;1;35;95;5;41;101m8[0;37;5;47;107m8[0;1;33;93;47m8[0;35;5;41;101m [0;1;37;97;47m [0;1;33;93;5;41;101m@[0;37;5;47;107m8[0;1;35;95;5;47;107m8[0;1;37;97;5;43;103m8[0;1;35;95;5;47;107m8[0;37;5;47;107m8[0;1;33;93;5;47;107m8[0;1;37;97;47m [0;30;41mX[0;34;40m:[0;32;40m.[0;31;40m    [0;34;40m          [0m
[0;34;40m            [0;31;40m [0;32;40m  .[0;31;40mt[0;35;5;40;100m;[0;37;5;41;101m8[0;1;37;97;47m.    [0;1;35;95;47mS[0;37;5;47;107m8[0;1;31;91;47mS[0;1;37;97;47m       [0;1;33;93;5;47;107m88[0;1;37;97;47m [0;1;35;95;47mS[0;1;31;91;47m@@[0;37;5;47;107m8[0;1;33;93;5;41;101m8[0;37;5;47;107m88[0;1;37;97;5;43;103m8[0;37;5;47;107m888[0;1;30;90;47m8[0;31;40mX     [0;34;40m          [0m
[0;34;40m            [0;32;40m  [0;34;40m .[0;1;30;90;40m8[0;1;30;90;47m88[0;1;37;97;47m   [0;37;5;47;107m8[0;1;35;95;47mS[0;1;33;93;47m@[0;1;37;97;47m   [0;37;5;47;107m8[0;1;31;91;47mS[0;1;37;97;47m [0;1;31;91;47mS[0;1;33;93;5;47;107m8[0;1;31;91;5;45;105m8[0;1;33;93;5;47;107m8[0;37;5;45;105m8[0;1;37;97;5;43;103m8[0;37;5;47;107m8[0;37;5;41;101m8[0;1;31;91;47m@[0;1;35;95;47mS[0;37;5;47;107m8[0;1;33;93;5;41;101m8[0;37;5;47;107m8[0;1;35;95;5;47;107m8[0;1;37;97;5;43;103m@[0;37;5;47;107m88[0;1;33;93;47mS[0;1;30;90;41m%[0;34;40m.[0;31;40m.[0;34;40m             [0m
[0;34;40m            [0;32;40m  .[0;31;40m;[0;35;5;40;100m [0;1;37;97;47mt  [0;37;5;47;107m8[0;1;35;95;47mS[0;1;37;97;47m  [0;1;35;95;47mX[0;1;37;97;47m [0;1;35;95;47m%[0;1;33;93;47mS[0;1;35;95;47mX[0;1;37;97;47m [0;37;5;41;101m8[0;37;5;47;107m8[0;1;37;97;5;43;103m8[0;37;5;47;107m8[0;1;33;93;5;47;107m8[0;1;33;93;5;41;101m8[0;1;35;95;5;47;107m@[0;1;37;97;5;43;103m8[0;37;5;47;107m8[0;1;31;91;5;43;103m8[0;1;37;97;47m [0;37;5;41;101m8[0;37;5;47;107m8[0;1;37;97;5;43;103m8[0;37;5;47;107m8[0;1;35;95;5;47;107m8[0;1;37;97;5;43;103m8[0;1;35;95;5;47;107m@[0;1;33;93;5;47;107m8[0;35;47m8[0;31;40m% [0;32;40m   [0;34;40m          [0m
[0;34;40m            [0;1;30;90;40m@[0;35;5;40;100m:[0;1;30;90;47m@[0;1;37;97;47m.::   [0;37;5;47;107m8[0;1;37;97;47m [0;37;5;47;107m8[0;1;37;97;47m   [0;1;35;95;47mS[0;1;33;93;47m@[0;1;37;97;47m [0;1;33;93;5;47;107m8[0;1;31;91;5;45;105m8[0;1;33;93;5;47;107m8[0;1;35;95;5;47;107m8[0;37;5;47;107m88[0;37;5;43;103m8[0;1;37;97;5;45;105m8[0;1;37;97;5;43;103m8[0;1;35;95;5;47;107m8[0;1;33;93;5;47;107m8[0;37;5;47;107m88[0;1;35;95;5;47;107m@[0;1;33;93;5;47;107m8[0;37;5;47;107m88[0;1;33;93;5;47;107m8[0;1;35;95;47mX[0;37;5;47;107m8[0;37;5;40;100mS[0;31;40mt.[0;32;40m    [0;34;40m        [0m
[0;34;40m          [0;31;40m  [0;1;30;90;47m@[0;1;37;97;47m:  .   [0;37;5;47;107m8[0;1;35;95;47mS[0;37;5;47;107m8[0;1;33;93;47mS[0;37;5;47;107m8[0;1;35;95;47mS[0;1;33;93;47mX[0;1;37;97;47m  [0;1;37;97;5;45;105m8[0;1;31;91;5;43;103mX[0;37;5;47;107m8[0;1;31;91;5;43;103m8[0;37;5;47;107m888[0;1;33;93;5;47;107m8[0;1;35;95;5;41;101m8[0;37;5;47;107m8[0;1;37;97;5;43;103m8[0;1;37;97;5;45;105m8[0;1;33;93;5;47;107m8[0;37;5;47;107m8[0;1;33;93;5;47;107mX[0;37;5;47;107m88[0;1;33;93;5;47;107mX[0;37;5;47;107m88; [0;33;5;40;100mX[0;34;40m             [0m
[0;34;40m         [0;31;40m  [0;1;30;90;40mS[0;1;37;97;47m     [0;1;35;95;47mX[0;1;37;97;47m   [0;37;5;47;107m8[0;1;35;95;47mS[0;37;5;47;107m8[0;1;31;91;47mS[0;37;5;47;107m8[0;1;35;95;47mX[0;1;37;97;47m  [0;1;33;93;5;41;101m8[0;1;35;95;5;47;107m8[0;1;31;91;5;43;103m8[0;1;35;95;5;47;107m8[0;1;31;91;5;43;103m8[0;1;35;95;5;47;107m@[0;1;37;97;5;43;103m8[0;1;35;95;5;47;107m8[0;1;37;97;5;43;103m@[0;1;37;97;5;45;105m8[0;37;5;43;103m8[0;37;5;47;107m8[0;1;33;93;5;47;107m8[0;1;35;95;5;47;107m8[0;1;37;97;5;43;103m8[0;1;37;97;5;45;105m8[0;1;37;97;5;43;103m@[0;1;31;91;5;45;105m8[0;37;5;47;107m@;;:[0;1;30;90;47m;[0;31;40mt[0;34;40m.[0;31;40m    [0;34;40m       [0m
[0;34;40m         [0;31;40m.[0;34;40m [0;35;5;40;100m.[0;1;37;97;47m:[0;1;30;90;47m;S[0;35;47m@[0;1;30;90;47m8[0;1;37;97;47m  [0;37;5;47;107m8[0;1;35;95;47mX[0;1;37;97;5;43;103m8[0;37;5;47;107m8[0;1;35;95;47m%[0;37;5;47;107m8[0;1;37;97;47m [0;1;33;93;47mS[0;1;35;95;47mS[0;37;5;47;107m8[0;1;37;97;47m [0;1;33;93;5;41;101m8[0;1;35;95;5;47;107m8[0;1;31;91;5;43;103m8[0;1;35;95;5;47;107m8[0;1;33;93;5;41;101m8[0;1;37;97;5;45;105m8[0;1;31;91;5;43;103m8[0;1;37;97;47m [0;1;31;91;5;43;103m8[0;1;35;95;5;47;107m8[0;1;31;91;5;43;103m8[0;1;35;95;5;47;107m8[0;1;31;91;5;43;103m@[0;1;35;95;5;47;107m8[0;1;31;91;5;43;103m@[0;1;35;95;5;47;107m8[0;1;37;97;5;43;103m8[0;37;5;47;107m8[0;1;37;97;47m [0;37;5;47;107m8@@[0;35;5;40;100m [0;31;40m%[0;34;40m.[0;31;40m    [0;34;40m      [0m
[0;34;40m          [0;32;40m [0;37;5;40;100mX[0;1;30;90;47m%8X8S[0;1;37;97;47m   [0;37;5;47;107m8[0;37;5;45;105m8[0;37;5;47;107m8[0;1;37;97;5;43;103m8[0;37;5;45;105m8[0;1;33;93;47m%[0;1;35;95;47mX[0;1;33;93;47mS[0;1;35;95;47mS[0;37;5;47;107m88[0;1;37;97;47m [0;1;33;93;47m%[0;1;33;93;5;41;101m8[0;37;5;47;107m8[0;1;31;91;5;43;103m8[0;1;35;95;5;47;107m8[0;1;31;91;5;43;103m8[0;1;35;95;5;47;107m@[0;1;37;97;5;43;103m8[0;1;37;97;5;45;105m8[0;1;37;97;5;43;103m8[0;37;5;47;107m8[0;1;31;91;5;43;103m8[0;37;5;47;107m888[0;1;35;95;47mX[0;1;33;93;47mS[0;37;5;47;107m88S8[0;31;40m%[0;32;40m  [0;31;40m    [0;34;40m     [0m
[0;34;40m          [0;31;40m.[0;37;5;40;100m8[0;1;30;90;47mS[0;37;5;40;100m8[0;35;47m@[0;1;30;90;47m@[0;35;47mS[0;1;37;97;47m  [0;1;35;95;47mS[0;1;37;97;47m [0;1;33;93;5;47;107m8[0;1;35;95;47mX[0;1;37;97;47m [0;37;5;47;107m8[0;1;37;97;47m    [0;1;35;95;47mS[0;1;37;97;47m [0;37;5;47;107m8[0;1;37;97;5;45;105m8[0;1;33;93;5;47;107m8[0;1;31;91;5;45;105m8[0;1;33;93;5;47;107m8[0;37;5;41;101m8[0;37;5;47;107m8[0;1;33;93;5;41;101m8[0;1;35;95;5;47;107m8[0;1;31;91;5;43;103m8[0;1;35;95;5;47;107m8[0;1;33;93;47mX[0;1;35;95;5;47;107m8[0;37;5;47;107m8[0;1;35;95;47m%[0;1;33;93;47mX[0;1;37;97;47m  [0;37;5;47;107m888 [0;1;30;90;47m8[0;31;40m:.[0;32;40m   [0;34;40m      [0m
[0;34;40m          .[0;31;40m.[0;35;5;40;100m8[0;1;30;90;47m8%@S[0;1;37;97;47m    [0;37;5;47;107m8[0;1;37;97;47m [0;37;5;47;107m8[0;1;37;97;47m [0;37;5;47;107m8[0;1;31;91;47m@[0;1;37;97;47m    [0;1;33;93;47mS[0;1;37;97;47m [0;37;5;47;107m8[0;1;33;93;47m%[0;37;5;45;105m8[0;1;31;91;5;43;103mX[0;1;35;95;5;47;107m8[0;1;31;91;5;43;103m8[0;1;37;97;47m [0;37;5;47;107m8[0;1;33;93;47mX[0;1;37;97;47m   [0;37;5;47;107m8[0;1;37;97;47m [0;37;5;47;107m8[0;1;37;97;47m [0;37;5;47;107m88%8[0;1;35;95;47mS[0;30;41m8[0;32;40m;[0;34;40m.[0;32;40m   [0;34;40m     [0m
[0;34;40m         [0;32;40m [0;31;40m.[0;32;40m [0;1;30;90;40m@[0;35;5;40;100mt[0;1;30;90;45m8[0;35;5;40;100m%[0;1;30;90;47m8[0;1;37;97;47m   [0;37;5;45;105m8[0;1;33;93;47m%[0;37;5;47;107m8[0;1;35;95;47mX[0;37;5;47;107m8[0;1;31;91;47mX[0;1;37;97;47m    [0;1;35;95;5;47;107m8[0;1;33;93;47mS[0;37;5;45;105m8[0;1;37;97;47m [0;37;5;47;107m8[0;1;33;93;47mX[0;37;5;45;105m8[0;1;31;91;5;43;103m@[0;37;5;47;107m@8[0;37;5;45;105m8[0;1;37;97;47m [0;37;5;47;107m88[0;1;37;97;47m [0;37;5;47;107m8[0;1;37;97;47m [0;37;5;47;107m8[0;1;37;97;47m [0;37;5;47;107m888[0;1;31;91;43m8[0;1;37;97;47m [0;35;5;40;100m.[0;31;40mS.[0;32;40m    [0;34;40m    [0m
[0;34;40m        [0;32;40m [0;34;40m [0;32;40m [0;31;40mt[0;35;5;40;100m.X[0;33;41m8[0;1;30;90;45m8[0;1;31;91;47m8[0;1;37;97;47m     [0;1;35;95;47mS[0;1;33;93;47mX[0;1;35;95;47mS[0;37;5;47;107m8[0;1;35;95;47m%[0;1;37;97;47m   [0;37;5;47;107m8[0;1;37;97;47m [0;37;5;47;107m8[0;1;33;93;47mX[0;1;35;95;47mX[0;1;37;97;47m [0;1;33;93;47mS[0;37;5;47;107m8[0;37;5;45;105m8[0;1;37;97;5;43;103m8[0;1;37;97;47m [0;37;5;47;107m8[0;1;37;97;47m [0;37;5;47;107m88888[0;37;5;41;101m8[0;1;35;95;47mS[0;1;33;93;47m@[0;1;35;95;47m8[0;30;41m8[0;35;47m@[0;1;31;91;47m@[0;31;40m%[0;32;40m.[0;34;40m        [0m
[0;34;40m        [0;31;40m [0;32;40m [0;30;5;40;100m8[0;35;5;40;100m.[0;1;30;90;45m8[0;33;5;40;100m%[0;1;31;91;45m8[0;1;30;90;47m8[0;35;41m8[0;1;30;90;45m8[0;1;33;93;47m%[0;1;37;97;47m      [0;1;31;91;47mS[0;1;37;97;47m     [0;37;5;47;107m8[0;37;5;41;101m8[0;37;5;47;107m8[0;1;37;97;47m  [0;1;35;95;47mX[0;1;33;93;47mS[0;37;5;47;107m8[0;1;35;95;47mS[0;37;5;47;107m88[0;1;33;93;5;47;107m8[0;1;35;95;5;47;107m8[0;1;33;93;5;47;107m8[0;37;5;47;107m888[0;37;5;41;101m8[0;1;31;91;47m@[0;37;5;41;101m8[0;1;31;91;47mS[0;33;5;40;100m:S[0;1;37;97;47m [0;31;5;40;100m8[0;31;40m:[0;34;40m.[0;32;40m    [0;34;40m   [0m
[0;34;40m       [0;31;40m  [0;1;30;90;40m8[0;37;5;40;100mS[0;1;30;90;45m8[0;33;5;41;101m8[0;37;45m8[0;1;30;90;47m8[0;1;31;91;41m8[0;33;5;40;100m%[0;1;30;90;45m8[0;35;5;41;101mt[0;1;35;95;47mS[0;1;37;97;47m [0;37;5;47;107m8[0;1;35;95;47mX[0;1;33;93;47mS[0;35;47m8[0;1;37;97;47m  [0;37;5;47;107m8[0;1;35;95;47m%[0;37;5;47;107m8[0;1;35;95;5;41;101m8[0;37;5;47;107m88[0;1;37;97;47m   [0;37;5;47;107m8[0;1;35;95;47mS[0;1;37;97;47m [0;37;5;47;107m8[0;1;33;93;47m%[0;37;5;47;107m888888[0;1;37;97;47m [0;37;5;41;101m8[0;1;35;95;47m@[0;1;31;91;47m8X8[0;1;30;90;41m8[0;1;37;97;47m [0;35;5;40;100mt[0;31;40mX.[0;32;40m     [0;34;40m  [0m
[0;34;40m      [0;31;40m  [0;1;30;90;40m8[0;35;5;40;100m [0;35;47m8[0;1;30;90;43m8[0;1;30;90;45m8[0;37;5;41;101m8[0;1;30;90;45m8[0;33;5;40;100mt[0;31;5;40;100m8[0;1;30;90;47m8[0;1;30;90;45m8[0;1;31;91;43m8[0;35;47mX[0;1;37;97;47m [0;1;35;95;47m%[0;1;37;97;47m    [0;37;5;47;107m8[0;1;37;97;47m [0;37;5;47;107m88[0;1;37;97;47m   [0;37;5;47;107m8[0;1;35;95;47mX[0;1;33;93;47m8[0;1;37;97;47m [0;37;5;47;107m888[0;1;35;95;5;47;107m@[0;1;33;93;5;47;107m@[0;37;5;47;107m8888[0;1;31;91;47mS[0;37;5;41;101m8[0;1;31;91;47m@[0;35;47m8[0;37;5;41;101m8[0;1;35;95;47mS[0;31;5;40;100m8[0;1;31;91;47m8[0;1;30;90;47m8[0;31;40mS [0;32;40m    [0;34;40m   [0m
[0;34;40m     [0;31;40m [0;32;40m [0;31;5;40;100mX[0;1;30;90;47m8[0;1;30;90;45m8[0;33;5;41;101mX[0;37;45m8[0;35;47m8[0;1;30;90;43m8[0;1;30;90;45m8[0;1;30;90;41m8[0;35;5;40;100mX[0;35;5;41;101mt[0;1;30;90;47m%[0;1;37;97;47m@    [0;37;5;47;107m8[0;1;37;97;47m [0;37;5;47;107m8[0;37;5;45;105m8[0;37;5;43;103m8[0;1;37;97;47m    [0;1;35;95;47mS[0;1;33;93;47mS[0;1;35;95;47m@[0;1;37;97;47m [0;37;5;47;107m8[0;1;37;97;47m [0;37;5;47;107m8[0;1;33;93;5;47;107m8[0;37;5;47;107m8[0;1;35;95;5;47;107m@[0;37;5;47;107m88t8[0;37;5;41;101m8[0;35;47m8[0;37;5;41;101m8[0;1;31;91;47m8[0;35;47m8[0;37;5;41;101m8[0;1;37;97;47m [0;1;31;91;47mXS[0;31;40m@[0;32;40m.[0;34;40m [0;32;40m    [0;34;40m  [0m
